x,y,errx,erry
0,3844000000,6.49114E+57,0.1
0,2756250000,3.64487E+57,0.1
0,246050596000000,6.68385E+68,0.1
0,5416960000,1.78117E+58,0.1
0,511356814240000,2.68512E+69,0.1
0,2323240000,2.73845E+57,0.1
0,30397579560000,4.73835E+66,0.1
0,2.23537E+15,7.41132E+70.0.1
0,13829760000,1.42493E+59,0.1
0,2.18444E+15,7.73437E+70,0.1
0,498950057096100,2.53972E+69,0.1
0,2500000000,3.02152E+57,0.1
0,125883040000,2.05877E+61,0.1
0.00003097696486,9617.750885,3.34565E+73,0.1
0.0000032516622,3179.587179,3.51194E+72,0.1
0.000002770735689,2914.259180,2.99252E+72,0.1
0.00002517263224,9110.441896,2.71876E+73,0.1
0.0000009662312166,1879.549099,1.04357E+72,0.1
0.00000004120677511,360.140332,4.45052E+70,0.1
0,0.950390,3.11645E+65,0.1
0,1.122315,4.34108E+65,0.1
0,0,554989,1,05983E+65,0,1
0,0.428744,6.36137E+64,0.1
0,0.334656,3.86237E+64,0.1
0,0.311078,3.35652E+64,0.1
0,0.293980,2.98894E+64,0.1
0,5.876994,1.19214E+67,0.1
0,7931412.9808665,1.68211E+72,0.1
0,2716069.4847927,5.32234E+71,0.1
0,71341.2785689,1.50129E+70,0.1
0,561970.3382439,1.17556E+71,0.1
0,458959.5904058,9.79809E+70,0.1,
0,4966975.3177094,1.01428E+72,0.1
0,3921947.2652348,8.22513E+71,0.1
0,1662115.6431148,3.45273E+71,0.1
0,336064.4956945,7.22163E+70,0.1
0,0.3759750,7.86935E+64,0.1
0,0.8524700,1.78198E+65,0.1
0,0.4075686,8.52119E+64,0.1
0,0.5798472,1.21539E+65,0.1
0,0.3887859,8.1584E+64,0.1
0,0.3118765,6.52607E+64,0.1
0,0.2633701,5.51855E+64,0.1
0,0.2435215,5.10361E+64,0.1
0,0.2239447,4.71002E+64,0.1
0,0.2145116,4.51009E+64,0.1
0,0.1892311,3.96447E+64,0.1
0,0.1420197,2.97555E+64,0.1
0,0.1119364,2.35998E+64,0.1
0,1.9987852,4.1884E+65,0.1
0,181.2686865,3.79419E+67,0.1
0,75.8021671,1.587E+67,0.1
0,17.1772781,3.59638E+66,0.1
0,6.3538277,1.32935E+66,0.1
0,198470.781,1.16474E+73,0.1
0,960836.3436,5.56209E+73,0.1
0,655724.9782,3.82639E+73,0.1
0,1581850.93,9.23863E+73,0.1
0,927180.797,5.42404E+73,0.1
0,1793699.113,1.02272E+74,0.1
0,1575359.003,9.03988E+73,0.1
0,571063.1337,3.31978E+73,0.1
0,1847871.121,1.05452E+74,0.1
0,1520338.074,8.6782E+73,0.1
0,2030729.861,1.15342E+74,0.1
0,1881535.975,1.0738E+74,0.1
0,1345950.7,7.7498E+73,0.1
0,744808.6053,4.38809E+73,0.1
0,1263716.188,7.2751E+73,0.1
0,706382.5324,4.07321E+73,0.1
0,1492877.28,8.5344E+73,0.1
0,1111890.696,6.40498E+73,0.1
0,2579016.034,1.45716E+74,0.1
0,1315758.892,7.53096E+73,0.1
0,1805942.969,1.04201E+74,0.1
0,1416135.186,8.0899E+73,0.1
0,1248270.41,7.15667E+73,0.1
0,1761189.651,1.01349E+74,0.1
0,1014124.919,5.84975E+73,0.1
0,1034044.973,6.02367E+73,0.1
0,875490.464,5.10639E+73,0.1
0,1099469.197,6.43989E+73,0.1
0,1308848.162,7.58392E+73,0.1
0,781331.0127,4.7457E+73,0.1
0,882644.4627,5.14896E+73,0.1
0,1017741.788,5.93674E+73,0.1
0,1695448.402,9.88719E+73,0.1
0,774093.8765,4.51569E+73,0.1
0,1728594.052,1.00405E+74,0.1
0,1522660.993,8.8308E+73,0.1
0,869271.5121,5.13474E+73,0.1
0,1087337.114,6.42242E+73,0.1
0,2245717.026,1.3021E+74,0.1
0,1595196.882,9.2708E+73,0.1
0,1183291.685,6.94205E+73,0.1
0,1185003.553,6.6948E+73,0.1
0,1013927.777,5.92019E+73,0.1
0,701159.1791,4.10623E+73,0.1
0,1255647.39,7.31734E+73,0.1
0,1008177.004,5.93214E+73,0.1
0,1200620.51,6.97069E+73,0.1
0,801872.834,4.92222E+73,0.1
0,764175.5247,4.46603E+73,0.1
0,530718.2514,3.12989E+73,0.1
0,617000.5114,3.60754E+73,0.1
0,911663.8261,5.31474E+73,0.1
0,201084.4587,1.19514E+73,0.1
0,1038996.715,6.04227E+73,0.1
0,203204.425,1.21581E+73,0.1
0,864628.9411,4.97193E+73,0.1
0,471352.774,2.8566E+73,0.1
0,1741996.383,1.0131E+74,0.1
0,0.6530498532,3.8484E+67,0.1
0,1.079309054,6.36633E+67,0.1
0,0.3529310464,2.08273E+67,0.1
0,133.6472411,7.83585E+67,0.1
0,0.3306836526,1.95279E+67,0.1
0,0.3986268142,2.32994E+67,0.1
0,0.3793057109,2.21832E+67,0.1
0,0.3655435784,2.13815E+67,0.1
0,0.4858257281,2.84193E+67,0.1
0,0.4863012066,2.84757E+67,0.1
0,7.490709191,4.40892E+68,0.1
0,1.019189183,6.04413E+67,0.1
0,3.563800167,2.10234E+68,0.1
0,3.563796391,2.10234E+68,0.1
0,7.490709191,4.40892E+68,0.1
0,302834.3934,1.76999E+73,0.1
0,6293.407878,3.70005E+71,0.1
0,452.6961756,2.66281E+70,0.1
0,254.2573119,1.49397E+70,0.1
0,20.40783336,1.19995E+69,0.1
0,7.490709191,4.41242E+68,0.1
0,3.563796391,2.10234E+68,0.1
0,1.877497368,1.10957E+68,0.1
0,0.8881592261,5.26957E+67,0.1
0,4.13227E+88,516242.25,0.1
0,4.11874E+88,515524,0.1
0,4.11762E+88,515524,0.1
0,9.52116E+86,98470.44,0.1
0,1.35175E+90,2062383.21,0.1
0,1.14219E+85,8987.04,0.1
0,1.12295E+85,8873.64,0.1
0,7.50439E+88,659344,0.1
0,1.31576E+85,9820.81,0.1
0,1.14296E+85,8987.04,0.1
0,1.19038E+85,9216,0.1
